00000000000000010100011111111110
00000000000000000000011111111110
00000000000000110010111111111110
00000000000000000000011111111110
00000000000000110110011111111110
00000000000000000000011111111110
00000000000000110110011111111110
00000000000000000000011111111110
00000000000000110111111111111110
00000000000000000000011111111110
00000000000000010000011111111110
00000000000000000000011111111110
00000000000000100011011111111110
00000000000000000000011111111110
00000000000000111001011111111110
00000000000000000000011111111110
00000000000000110111111111111110
00000000000000000000011111111110
00000000000000110110111111111110
00000000000000000000011111111110
00000000000000010000011111111110
00000000000000000000011111111110
00000000000000101001111111111110
00000000000000000000011111111110
00000000000000110100111111111110
00000000000000000000011111111110
00000000000000110110011111111110
00000000000000000000011111111110
00000000000000110100111111111110
00000000000000000000011111111110
00000000000000110001111111111110
00000000000000000000011111111110
00000000000000110111111111111110
00000000000000000000011111111110
00000000000000110111011111111110
00000000000000000000011111111110
00000000000000010000111111111110
00000000000000000000011111111110
11010000000000000000000000000000